Paper vs minimum-residual DRT comparison
Dataset: S2302Sap.xlsx
Generated: 13-Jul-2026 00:15:20
Total temperatures: 86

Bootstrap repeats for variance metric: 1

Drop ratio for sensitivity metric: 0.15
Sensitivity repeats per lambda: 1

Aggregate comparison
Mean peaks (residual method): 2.6860
Mean peaks (paper method)   : 1.4884
Mean peak delta abs |paper-res| : 1.1977
Median peak delta abs |paper-res|: 1.0000
Temps paper has more peaks      : 0
Temps equal peaks               : 12
Temps paper has fewer peaks     : 74

Mean residual-change sensitivity % (residual-selected lambda): 6.87340411E+000
Mean residual-change sensitivity % (paper-selected lambda)   : 2.35013607E+000
Mean sensitivity delta abs % |paper-res|                    : 5.16038005E+000
Median sensitivity delta abs % |paper-res|                  : 3.96478204E+000
Temps paper lower sensitivity                             : 73
Temps equal sensitivity                                   : 0
Temps paper higher sensitivity                            : 13

Per-temperature detail
TemperatureK,ResidualLambda,PaperLambda,ResidualPeaks,PaperPeaks,PeakDeltaAbs_PaperMinusRes,ResidualSensitivity,PaperSensitivity,SensitivityDeltaAbs_PaperMinusRes
1.470000,1.00000000E-004,1.00000000E-001,3,2,1,1.58972848E+001,2.76649698E+000,1.31307878E+001
1.490000,1.00000000E-004,1.00000000E+000,3,2,1,5.27262887E+000,1.02321076E+000,4.24941811E+000
1.560000,1.00000000E-004,1.00000000E-001,3,2,1,3.32679113E+000,7.29157317E+000,3.96478204E+000
1.570000,1.00000000E-004,1.00000000E-002,3,2,1,7.69998393E+000,3.76409210E+000,3.93589183E+000
1.580000,1.00000000E-004,1.00000000E-001,3,2,1,4.12694801E+000,8.68288186E-001,3.25865982E+000
1.590000,1.00000000E-004,1.00000000E+000,3,2,1,6.63177808E+000,4.06588812E+000,2.56588996E+000
1.620000,1.00000000E-004,1.00000000E-001,4,3,1,4.02586469E+000,3.35656418E+000,6.69300510E-001
1.850000,1.00000000E-004,1.00000000E+000,3,2,1,8.70037361E+000,3.83732980E-001,8.31664063E+000
2.470000,1.00000000E-004,1.00000000E-002,3,2,1,5.80832148E+000,1.18851649E+000,4.61980499E+000
4.520000,1.00000000E-004,1.00000000E-001,3,2,1,2.83074103E+000,4.00527268E+000,1.17453165E+000
7.570000,1.00000000E-004,1.00000000E-001,3,2,1,1.99521122E+000,8.19091158E-001,1.17612006E+000
8.430000,1.00000000E-004,1.00000000E-001,3,2,1,1.57632843E+001,1.62037716E+000,1.41429071E+001
9.510000,1.00000000E-004,1.00000000E+000,3,2,1,5.64148949E+000,1.27555226E+000,4.36593723E+000
10.380000,1.00000000E-004,1.00000000E-001,3,2,1,3.12551108E+000,6.93560701E+000,3.81009593E+000
14.530000,1.00000000E-004,1.00000000E-002,3,2,1,7.94886309E+000,4.03639405E+000,3.91246904E+000
15.420000,1.00000000E-004,1.00000000E-001,3,2,1,3.95892816E+000,1.74218310E+000,2.21674506E+000
19.570000,1.00000000E-004,1.00000000E+000,3,2,1,6.57066015E+000,3.23620223E+000,3.33445792E+000
20.450000,1.00000000E-004,1.00000000E+000,3,1,2,9.22010798E+000,8.13910354E-001,8.40619763E+000
29.520000,1.00000000E-004,1.00000000E-003,1,1,0,1.56840067E+000,1.50683478E+000,6.15658900E-002
30.450000,1.00000000E-004,1.00000000E-001,1,1,0,9.29355977E+000,2.21333318E+000,7.08022659E+000
39.530000,1.00000000E-004,1.00000000E-002,1,1,0,2.32278487E+000,2.75761511E+000,4.34830240E-001
40.450000,1.00000000E-004,1.00000000E+000,3,1,2,8.39782035E+000,1.92773892E+000,6.47008143E+000
49.510000,1.00000000E-004,1.00000000E-001,3,2,1,2.93924065E+000,9.09249202E-001,2.02999145E+000
59.530000,1.00000000E-004,1.00000000E+000,3,1,2,7.32688995E+000,1.76203443E+000,5.56485552E+000
60.470000,1.00000000E-004,1.00000000E+000,3,1,2,6.82786087E+000,2.66718942E+000,4.16067145E+000
69.540000,1.00000000E-004,1.00000000E+000,2,1,1,1.43539348E+001,4.94010857E+000,9.41382623E+000
79.520000,1.00000000E-004,1.00000000E-001,3,2,1,1.08083955E+001,2.89760567E+000,7.91078983E+000
84.520000,1.00000000E-004,1.00000000E+000,3,1,2,1.07205591E+001,7.99618919E-001,9.92094018E+000
89.580000,1.00000000E-004,1.00000000E-001,2,1,1,9.65640505E+000,2.45765603E+000,7.19874902E+000
94.590000,1.00000000E-004,1.00000000E+000,1,1,0,2.01334589E+001,1.58186786E+000,1.85515910E+001
96.510000,1.00000000E-004,1.00000000E-002,1,1,0,1.46299265E+001,1.71086048E+000,1.29190660E+001
97.450000,1.00000000E-004,1.00000000E-002,1,1,0,1.21969666E+001,8.39209103E+000,3.80487557E+000
99.550000,1.00000000E-004,1.00000000E+000,2,1,1,2.52790169E+001,8.93172509E-001,2.43858444E+001
101.560000,1.00000000E-004,1.00000000E+000,3,1,2,1.17325199E+001,2.19516715E+000,9.53735275E+000
102.610000,1.00000000E-004,1.00000000E-001,3,2,1,1.10898411E+001,9.69635397E-001,1.01202057E+001
104.570000,1.00000000E-004,1.00000000E-001,3,2,1,3.54366017E+000,1.87680111E-001,3.35598006E+000
105.490000,1.00000000E-004,1.00000000E-003,2,2,0,1.90161215E+000,1.76599568E+000,1.35616470E-001
107.520000,1.00000000E-004,1.00000000E-002,3,2,1,1.11492957E+000,2.66151278E+000,1.54658321E+000
108.490000,1.00000000E-004,1.00000000E-001,3,2,1,3.28892721E+000,1.30260919E+000,1.98631802E+000
109.520000,1.00000000E-004,1.00000000E-001,3,2,1,6.74267158E+000,3.34596520E-002,6.70921193E+000
110.480000,1.00000000E-004,1.00000000E+000,3,1,2,1.91775587E+000,1.91355800E+000,4.19787000E-003
119.550000,1.00000000E-004,1.00000000E-001,3,2,1,1.21214117E+001,9.18263687E-001,1.12031480E+001
120.480000,1.00000000E-004,1.00000000E+000,3,1,2,4.71780850E+000,2.15619490E+000,2.56161360E+000
129.540000,1.00000000E-004,1.00000000E+000,1,1,0,2.50319350E-001,5.65848837E-002,1.93734466E-001
139.560000,1.00000000E-004,1.00000000E-001,3,2,1,6.05255709E-001,3.42573151E+000,2.82047580E+000
149.550000,1.00000000E-004,1.00000000E+000,3,2,1,9.93240221E+000,8.20642599E-001,9.11175961E+000
159.520000,1.00000000E-004,1.00000000E+000,3,1,2,1.03147512E+001,5.11097717E+000,5.20377403E+000
169.550000,1.00000000E-004,1.00000000E-001,1,1,0,4.90620518E+000,9.73228439E-001,3.93297674E+000
170.200000,1.00000000E-004,1.00000000E+000,2,1,1,9.72572039E+000,1.67571264E-002,9.70896326E+000
170.400000,1.00000000E-004,1.00000000E-001,3,1,2,9.59488724E+000,1.51278103E+000,8.08210621E+000
179.560000,1.00000000E-004,1.00000000E+000,2,1,1,2.50229674E+000,1.71674021E+000,7.85556530E-001
180.100000,1.00000000E-004,1.00000000E-001,2,1,1,6.68193063E+000,2.31105448E-001,6.45082518E+000
180.260000,1.00000000E-004,1.00000000E-001,2,1,1,9.97461981E-001,7.82449401E-001,2.15012580E-001
189.530000,1.00000000E-004,1.00000000E+000,1,1,0,4.66165526E+000,2.69392554E+000,1.96772972E+000
189.660000,1.00000000E-004,1.00000000E+000,3,1,2,1.61403427E+001,2.62532477E+000,1.35150179E+001
190.370000,1.00000000E-004,1.00000000E-002,3,2,1,4.69928662E+000,5.81009549E-001,4.11827707E+000
199.530000,1.00000000E-004,1.00000000E+000,3,1,2,8.29516680E+000,3.45212121E+000,4.84304559E+000
199.830000,1.00000000E-004,1.00000000E+000,3,1,2,7.73798359E+000,1.46708065E+000,6.27090294E+000
200.160000,1.00000000E-004,1.00000000E+000,3,1,2,2.17600192E+000,2.09623816E+000,7.97637600E-002
200.360000,1.00000000E-004,1.00000000E+000,3,1,2,9.43862438E+000,2.76152762E+000,6.67709676E+000
207.770000,1.00000000E-004,1.00000000E+000,3,1,2,7.07890371E+000,4.17995300E+000,2.89895071E+000
209.530000,1.00000000E-004,1.00000000E+000,3,1,2,3.28761537E+000,2.38410390E-002,3.26377433E+000
210.220000,1.00000000E-004,1.00000000E+000,3,1,2,6.74132693E+000,1.18408140E+000,5.55724553E+000
210.460000,1.00000000E-004,1.00000000E+000,3,1,2,1.46780906E+001,5.30911966E+000,9.36897094E+000
219.530000,1.00000000E-003,1.00000000E-001,2,2,0,8.39938579E-001,3.29650576E+000,2.45656718E+000
219.740000,1.00000000E-004,1.00000000E+000,3,1,2,5.85158304E+000,3.13570663E-004,5.85126947E+000
220.260000,1.00000000E-004,1.00000000E-001,3,2,1,2.91256685E+000,7.48641106E+000,4.57384421E+000
220.490000,1.00000000E-004,1.00000000E-002,3,2,1,8.76051671E+000,4.71067989E+000,4.04983682E+000
229.580000,1.00000000E-004,1.00000000E+000,4,2,2,1.25005929E+000,9.64890267E-001,2.85169023E-001
229.860000,1.00000000E-004,1.00000000E+000,3,1,2,6.85769548E+000,4.84416678E+000,2.01352870E+000
230.490000,1.00000000E-004,1.00000000E+000,3,1,2,7.28061809E+000,3.39004633E+000,3.89057176E+000
239.510000,1.00000000E-004,1.00000000E-002,3,2,1,6.30994458E+000,8.45664431E-001,5.46428015E+000
239.980000,1.00000000E-004,1.00000000E-001,3,2,1,3.35456730E+000,4.47948070E+000,1.12491340E+000
240.140000,1.00000000E-004,1.00000000E-001,3,2,1,1.81881885E+000,2.34836091E+000,5.29542060E-001
249.510000,1.00000000E-003,1.00000000E-001,2,1,1,1.03957391E+000,2.12434987E+000,1.08477596E+000
249.680000,1.00000000E-004,1.00000000E+000,3,1,2,5.19987562E+000,2.43799551E+000,2.76188011E+000
250.360000,1.00000000E-004,1.00000000E+000,3,1,2,2.54639161E+000,5.84637361E+000,3.29998200E+000
259.550000,1.00000000E-003,1.00000000E-002,2,2,0,8.91611415E+000,1.23652511E+000,7.67958904E+000
259.890000,1.00000000E-004,1.00000000E+000,3,1,2,3.78206239E+000,2.00675405E+000,1.77530834E+000
260.200000,1.00000000E-004,1.00000000E+000,3,1,2,6.53660815E+000,1.68297072E+000,4.85363743E+000
260.420000,1.00000000E-004,1.00000000E+000,3,1,2,9.31960462E+000,2.69754222E+000,6.62206240E+000
269.570000,1.00000000E-004,1.00000000E-002,3,2,1,7.58245406E+000,1.52265235E+000,6.05980171E+000
270.400000,1.00000000E-004,1.00000000E-001,3,2,1,3.50625808E+000,4.08115045E+000,5.74892370E-001
279.520000,1.00000000E-004,1.00000000E-001,3,2,1,2.10269804E+000,6.75287052E-001,1.42741099E+000
279.730000,1.00000000E-004,1.00000000E-001,3,2,1,1.58881501E+001,1.00868691E+000,1.48794632E+001
279.950000,1.00000000E-004,1.00000000E+000,3,1,2,5.83929652E+000,2.68966817E+000,3.14962835E+000
