Bayes-DRT MATLAB 2011 workflow (Re/Im CV) ??? merged all temperatures
Dataset: S2322Sap.xlsx
Generated: 13-Jul-2026 08:22:09
Total temperatures: 69

Aggregate summary
Mean selected lambda: 7.82913612E-004
Mean real-part CV: 1.12668972E+010
Mean imag-part CV: 1.26380337E+010
Mean total CV: 2.39049308E+010
Mean absolute residual: 7.04405607E+003
Mean peak count: 2.2609
Max peak count: 4

Per-temperature detail
TemperatureK,SelectedLambda,RealCV,ImagCV,TotalCV,MeanAbsResidual,PeakCount
1.480000,1.00000000E-003,3.37496726E+010,5.53034045E+010,8.90530771E+010,9.07553428E+004,2
1.610000,1.00000000E-002,7.08803313E+011,7.78837701E+011,1.48764101E+012,2.03473962E+005,1
2.140000,3.16227766E-003,3.06458876E+010,3.45083064E+010,6.51541940E+010,6.62376364E+004,2
4.520000,3.16227766E-003,1.24643539E+009,1.01221955E+009,2.25865493E+009,1.68866558E+004,1
5.310000,1.00000000E-002,1.82244009E+009,1.21558562E+009,3.03802572E+009,1.78310514E+004,2
7.560000,1.00000000E-003,3.88303816E+008,2.31412297E+008,6.19716113E+008,8.85254617E+003,2
8.440000,1.00000000E-002,1.69599223E+008,3.06994677E+008,4.76593900E+008,8.52047373E+003,1
9.510000,1.00000000E-002,1.33264135E+008,1.98914401E+008,3.32178536E+008,7.40137000E+003,1
14.510000,3.16227766E-005,8.08834217E+007,6.19609272E+007,1.42844349E+008,4.56837566E+003,3
15.370000,3.16227766E-006,1.34600598E+008,8.70872902E+007,2.21687888E+008,4.91116976E+003,3
19.520000,1.00000000E-008,4.76926762E+007,4.58300792E+007,9.35227554E+007,3.71011222E+003,3
20.390000,1.00000000E-008,4.56958043E+007,6.20529323E+007,1.07748737E+008,3.61396894E+003,3
29.570000,3.16227766E-004,2.36104484E+007,2.50961455E+007,4.87065940E+007,2.68278550E+003,2
30.440000,1.00000000E-004,1.72418556E+007,2.84223292E+007,4.56641847E+007,2.57674316E+003,2
39.560000,3.16227766E-005,1.23731254E+007,1.51536764E+007,2.75268018E+007,2.12922655E+003,2
49.560000,1.00000000E-008,1.09596731E+007,1.11710735E+007,2.21307466E+007,1.85757533E+003,3
59.530000,1.00000000E-008,6.30423408E+006,8.23121935E+006,1.45354534E+007,1.52799100E+003,3
69.550000,1.00000000E-004,4.36976466E+006,4.63426466E+006,9.00402932E+006,1.31603960E+003,3
79.520000,3.16227766E-005,4.38382660E+006,2.97350767E+006,7.35733427E+006,1.21905829E+003,3
80.360000,1.00000000E-005,4.90692250E+006,3.71511016E+006,8.62203266E+006,1.14404027E+003,2
84.520000,3.16227766E-005,2.71159996E+006,3.66173533E+006,6.37333529E+006,1.16984336E+003,3
85.380000,3.16227766E-004,3.34602635E+006,2.40098395E+006,5.74701030E+006,1.09782881E+003,2
89.510000,1.00000000E-008,3.42665822E+006,2.59381684E+006,6.02047506E+006,1.07916584E+003,3
90.400000,1.00000000E-008,3.56261401E+006,2.49419489E+006,6.05680891E+006,1.04668877E+003,2
94.530000,3.16227766E-005,1.91208576E+006,2.73194933E+006,4.64403510E+006,1.00782669E+003,3
95.430000,1.00000000E-004,2.66051491E+006,1.68279332E+006,4.34330823E+006,9.92128153E+002,2
96.530000,3.16227766E-005,2.63493783E+006,2.12316276E+006,4.75810058E+006,9.82288219E+002,3
97.460000,1.00000000E-004,2.05789935E+006,2.48469077E+006,4.54259012E+006,9.96587539E+002,4
99.520000,3.16227766E-005,1.44001775E+006,2.56349557E+006,4.00351332E+006,9.59433439E+002,2
100.470000,3.16227766E-005,2.68776964E+006,2.06280312E+006,4.75057275E+006,9.23527651E+002,2
101.570000,1.00000000E-005,2.73539272E+006,1.77690252E+006,4.51229523E+006,9.49181301E+002,2
102.560000,1.00000000E-005,1.58851977E+006,2.32991205E+006,3.91843182E+006,9.39851910E+002,3
104.540000,1.00000000E-004,2.04902888E+006,1.36627017E+006,3.41529905E+006,8.60594366E+002,2
105.470000,1.00000000E-006,1.33687044E+006,2.19647833E+006,3.53334877E+006,8.89622213E+002,3
107.530000,1.00000000E-004,1.81350372E+006,1.53870162E+006,3.35220534E+006,8.72422542E+002,2
108.400000,3.16227766E-004,1.76246499E+006,1.55376607E+006,3.31623106E+006,8.91232311E+002,2
109.560000,1.00000000E-008,1.98178044E+006,1.61864722E+006,3.60042766E+006,8.37655617E+002,2
119.560000,1.00000000E-004,1.11996074E+006,1.29758474E+006,2.41754548E+006,7.69686445E+002,2
129.540000,1.00000000E-004,7.68979239E+005,1.25143468E+006,2.02041392E+006,7.39900483E+002,2
130.170000,1.00000000E-008,1.09575649E+006,1.07312971E+006,2.16888620E+006,7.52084433E+002,3
139.550000,1.00000000E-004,1.07582328E+006,6.54573393E+005,1.73039667E+006,6.92743315E+002,1
149.570000,1.00000000E-008,7.37899993E+005,6.63310942E+005,1.40121094E+006,6.46033711E+002,1
159.570000,3.16227766E-005,8.03764222E+005,6.96173287E+005,1.49993751E+006,6.25873734E+002,3
169.530000,1.00000000E-004,5.12233563E+005,4.17094391E+005,9.29327953E+005,5.59770141E+002,3
169.800000,1.00000000E-008,4.54272311E+005,5.07031773E+005,9.61304084E+005,5.40235429E+002,2
179.510000,1.00000000E-004,3.74081360E+005,3.90232906E+005,7.64314266E+005,5.00944833E+002,2
180.280000,1.00000000E-004,4.09635397E+005,4.16186747E+005,8.25822145E+005,5.22707499E+002,2
189.530000,1.00000000E-008,3.35115526E+005,4.23350422E+005,7.58465949E+005,4.97815235E+002,3
199.570000,3.16227766E-005,3.39499798E+005,2.70008838E+005,6.09508636E+005,4.78858225E+002,2
209.500000,1.00000000E-008,3.86973064E+005,2.54433951E+005,6.41407015E+005,4.84515762E+002,2
210.450000,3.16227766E-005,2.22749798E+005,3.14835132E+005,5.37584930E+005,4.47079422E+002,3
219.630000,1.00000000E-008,3.17906317E+005,3.49296866E+005,6.67203183E+005,4.38434160E+002,3
220.480000,3.16227766E-004,2.41550402E+005,4.08722614E+005,6.50273016E+005,4.41895918E+002,2
229.570000,1.00000000E-004,2.86104593E+005,2.14669997E+005,5.00774590E+005,4.55212321E+002,1
230.440000,1.00000000E-004,3.39686022E+005,2.16187615E+005,5.55873636E+005,4.53735361E+002,3
239.570000,3.16227766E-004,7.15861253E+005,3.39082127E+005,1.05494338E+006,5.43925297E+002,1
240.420000,1.00000000E-008,3.48871729E+005,2.15389123E+005,5.64260851E+005,4.23581594E+002,2
249.500000,1.00000000E-005,3.40729103E+005,2.05780364E+005,5.46509467E+005,4.41289201E+002,2
250.470000,3.16227766E-006,1.80870668E+005,2.31480852E+005,4.12351520E+005,3.95124944E+002,2
259.560000,1.00000000E-004,9.98250761E+005,3.45100067E+005,1.34335083E+006,6.13345023E+002,2
269.570000,1.00000000E-005,1.54469625E+006,4.88763695E+005,2.03345995E+006,9.00257331E+002,2
269.810000,1.00000000E-003,6.65124650E+005,4.12962627E+005,1.07808728E+006,4.94178327E+002,1
270.380000,1.00000000E-003,3.99156661E+006,1.53792300E+006,5.52948961E+006,9.26340476E+002,2
270.420000,1.00000000E-005,4.32294323E+005,2.09709216E+005,6.42003539E+005,4.86796018E+002,3
279.530000,1.00000000E-008,2.96965741E+006,1.44944777E+006,4.41910518E+006,1.12214249E+003,3
279.540000,1.00000000E-004,1.59647630E+005,1.61067881E+005,3.20715511E+005,3.86049156E+002,2
279.560000,1.00000000E-008,2.26794918E+005,2.21825397E+005,4.48620315E+005,4.08764686E+002,2
280.300000,1.00000000E-004,1.48142756E+006,4.17855660E+005,1.89928322E+006,6.87054327E+002,3
280.460000,1.00000000E-008,3.80953679E+005,2.20521523E+005,6.01475201E+005,4.51490447E+002,3
